rows: 999 cols: 1 
execution time: 2826.313477 milliseconds
 Output matrix B of size [rows x 1]: 
-0.506736 
1.192301 
-0.437682 
-1.177684 
-0.051128 
0.486274 
0.810702 
0.520391 
0.089261 
-0.928072 
-0.345777 
-0.070508 
-0.302448 
0.014866 
0.660455 
1.065870 
0.009292 
-0.582142 
-0.683523 
0.702644 
0.044722 
-0.330250 
0.417134 
0.330320 
-0.573744 
-0.124795 
-0.265094 
-0.072265 
-0.607758 
0.945860 
-0.133173 
0.767667 
-0.196487 
-0.190755 
-0.310770 
0.204852 
-0.075440 
-0.325028 
0.693017 
0.165333 
0.659044 
-0.170198 
0.471437 
0.351575 
-0.381657 
-0.064639 
0.423937 
0.156825 
0.020846 
-0.272590 
0.387073 
-0.716576 
-0.264745 
0.008964 
0.028928 
0.484008 
0.162095 
-0.158036 
0.134023 
0.024529 
0.085817 
0.234048 
-0.378086 
0.468567 
-0.154366 
0.120118 
-0.688035 
-0.562764 
0.834008 
0.136522 
0.004205 
-0.000755 
0.423386 
0.093101 
0.906602 
-0.450402 
-0.721127 
0.189175 
0.165869 
0.687660 
0.192042 
-0.068521 
0.525976 
1.295139 
-0.172631 
-1.067870 
0.269110 
0.570638 
0.603612 
-0.943834 
-1.673383 
-0.409631 
0.366233 
0.117214 
-0.111379 
0.506325 
-0.426500 
0.833304 
-0.161245 
0.303922 
-0.034142 
-0.299942 
-0.119044 
-0.107444 
0.176007 
0.227047 
-0.147438 
0.363836 
0.139914 
0.267069 
0.572872 
-0.809659 
-0.173180 
0.095252 
0.119707 
0.865106 
-0.029546 
-0.861052 
-0.547248 
-0.249563 
0.722680 
-0.116572 
0.554429 
0.620716 
-0.428647 
0.501680 
-0.560863 
0.473326 
1.324888 
-0.307862 
-0.446500 
0.604098 
-0.223468 
0.339148 
1.327748 
0.549430 
0.279756 
0.148391 
0.396190 
0.247280 
0.082917 
-0.178730 
-0.593289 
0.796131 
0.646727 
-0.480045 
0.979097 
-0.135510 
-0.531594 
0.218688 
0.936369 
0.563664 
-0.972372 
-0.390494 
0.299104 
0.634385 
-0.343686 
-0.522633 
0.150757 
0.201512 
0.005841 
-0.201285 
-0.488278 
-0.011022 
-0.471354 
0.272419 
0.633304 
0.141250 
0.420244 
-0.404511 
1.029959 
-0.028895 
0.173488 
0.103522 
-0.079917 
0.305644 
0.113612 
0.104932 
-0.333739 
-0.052182 
-0.279112 
-0.178027 
-0.643129 
-0.654511 
-0.034981 
-0.004008 
-0.857985 
-0.107665 
0.286294 
-0.264789 
0.180664 
-0.053945 
0.605313 
0.324137 
-0.067311 
-0.101960 
-0.664793 
-0.419388 
-0.407486 
-0.578824 
0.306860 
-0.523337 
-0.035453 
-0.357788 
-0.081522 
-0.323525 
0.187187 
0.254811 
0.053778 
-0.388236 
-0.590152 
0.499399 
0.477004 
-0.172412 
-0.657550 
-0.788369 
-0.196134 
0.046384 
-0.722745 
0.242848 
0.036625 
0.146478 
0.039592 
-0.094817 
0.390896 
0.463139 
0.126248 
-0.366216 
-0.023941 
-0.230083 
-0.210458 
0.059153 
0.113167 
0.330239 
-0.578104 
-0.021612 
-0.390311 
0.535232 
0.195574 
-0.032332 
-0.870463 
0.329945 
0.382712 
-0.562189 
-0.567634 
-0.532100 
-1.268592 
0.339063 
0.127815 
-0.466023 
0.685087 
-0.864559 
0.246198 
-0.461589 
0.248381 
0.622156 
0.863566 
-1.324326 
0.080571 
0.273946 
-0.223136 
-0.412168 
0.521434 
-0.845486 
0.079116 
-0.836244 
-0.478712 
0.146779 
0.229689 
0.614166 
-0.174559 
0.330964 
-0.922932 
-0.939166 
0.362149 
0.540563 
0.155479 
-0.532436 
-0.399947 
-0.096515 
0.414695 
-0.642173 
-0.455252 
-0.153928 
0.533720 
-0.751341 
0.114788 
-0.227823 
-0.370439 
-0.314728 
0.197389 
-0.923026 
-1.034589 
0.399771 
0.818005 
0.334734 
0.025338 
0.649604 
0.246300 
0.266624 
-0.389279 
0.748650 
-0.028409 
-0.516885 
-0.258665 
-0.453179 
-0.623032 
0.744511 
0.620326 
-0.040299 
-0.474243 
0.121818 
-0.037092 
0.190570 
0.077447 
0.363490 
-0.629880 
0.034261 
-0.689147 
0.550278 
0.988958 
0.165781 
0.358490 
-0.924309 
0.066268 
0.109792 
0.728701 
0.058453 
-0.641710 
0.022875 
0.262322 
-0.220228 
-0.363343 
0.752206 
-0.128350 
-0.757783 
-0.583406 
-0.061893 
-0.605635 
-0.513293 
1.111613 
0.555478 
0.701802 
0.323430 
-0.080144 
-0.920615 
0.150003 
-0.401914 
0.424979 
0.235813 
0.353779 
0.367590 
-1.227386 
-0.257807 
-0.359247 
0.189316 
-0.536928 
0.557976 
0.401836 
0.143391 
-0.232133 
-0.094918 
-0.408747 
0.468830 
-0.022692 
0.086379 
-0.819232 
-1.001741 
0.611017 
-0.374029 
-0.169014 
0.109914 
-0.889419 
-0.179986 
0.636859 
0.762605 
0.423424 
0.568933 
-0.735908 
-0.493695 
-1.517139 
-0.579198 
-0.449605 
0.055375 
0.218804 
-1.001289 
-0.475487 
-0.782247 
-0.273607 
0.375728 
-0.467375 
-0.044117 
-0.446706 
0.869169 
0.684564 
0.498106 
-0.395502 
0.369415 
-0.471757 
-0.047558 
-0.185249 
0.023699 
-0.148707 
0.165611 
0.297322 
0.289541 
0.607140 
0.116364 
-0.010798 
-0.075093 
-0.486100 
-0.303663 
-0.583206 
0.246547 
0.665201 
1.017032 
0.450818 
-0.591877 
0.149694 
0.077744 
1.121815 
-0.254077 
0.039007 
0.209862 
-0.105752 
-0.293289 
0.000129 
-0.294107 
0.359832 
0.846684 
-0.121869 
-0.265836 
1.248327 
-0.392994 
-0.314972 
-0.596734 
-0.300259 
-0.806894 
0.264361 
0.229261 
-0.177789 
-0.582166 
0.210381 
0.150797 
0.743154 
-0.222724 
-0.252859 
0.002916 
-0.065847 
0.847779 
-0.524910 
-0.806085 
-0.486706 
-0.955508 
0.600039 
-0.314643 
-0.199733 
-0.780664 
-1.123235 
0.814303 
0.935097 
-0.874975 
-0.256233 
0.266555 
-0.125822 
0.538183 
-0.022784 
0.645343 
-0.351947 
0.621283 
-0.723139 
-0.979889 
-1.289492 
0.603979 
-0.690304 
0.948463 
0.185296 
0.723268 
0.401372 
0.039345 
0.439077 
-0.463012 
-0.091461 
0.504415 
0.247072 
0.283557 
0.531482 
-0.599186 
0.746207 
-0.471145 
-0.690724 
0.077827 
-0.861130 
-0.286464 
-0.202452 
0.222576 
-0.240496 
-0.451459 
-0.363157 
0.135649 
-0.630860 
0.723370 
-0.188069 
0.218131 
0.115004 
0.657458 
-0.797182 
0.104202 
-0.110290 
-1.139818 
0.297720 
-0.373379 
-0.375211 
-0.811404 
0.827209 
0.513720 
0.399446 
0.126831 
-0.522055 
-0.066941 
0.166171 
-0.210755 
-0.075985 
0.378606 
0.252616 
0.844242 
-0.123523 
0.138349 
0.321001 
0.043945 
-0.694396 
-0.124667 
0.407105 
0.072631 
-0.014853 
-0.167219 
0.723177 
0.462933 
0.469165 
0.149644 
-0.014305 
0.460191 
-0.066668 
-0.323096 
-0.674536 
0.407887 
0.066213 
0.086193 
-0.024600 
0.279473 
0.114450 
-0.064424 
-0.168098 
-0.669076 
0.206311 
0.135626 
-0.359380 
-1.552385 
-0.073304 
-0.643236 
0.048508 
0.039678 
0.302859 
-0.438121 
-0.348699 
0.025637 
-0.581019 
-0.742084 
0.230829 
0.513625 
-0.921711 
-0.486499 
0.284343 
-0.218013 
0.265616 
-1.413915 
-0.011039 
1.057349 
0.798131 
0.338317 
-0.685935 
0.051431 
-0.359098 
-0.111029 
0.401635 
0.021463 
0.074731 
0.163101 
-0.289288 
-0.184982 
0.149377 
0.465925 
-0.157689 
0.350604 
0.679460 
-0.234272 
-0.150681 
-0.689812 
-0.714338 
-0.896770 
0.475473 
-0.276623 
-0.290696 
0.742368 
0.195568 
-0.222099 
0.560502 
-0.087427 
-0.826235 
-0.137316 
-0.009809 
0.156374 
0.331619 
-0.552169 
0.357976 
-0.665935 
-0.822888 
-0.423771 
0.483369 
0.080557 
0.479874 
-0.116374 
-0.757683 
-0.592874 
-0.107226 
-0.117416 
-0.015625 
0.398965 
1.375672 
-0.637940 
0.110333 
-1.034126 
-0.558870 
-0.031981 
-0.558477 
0.355298 
0.132734 
0.235619 
0.190880 
-0.135037 
-0.249664 
-0.069951 
-0.676086 
-1.011656 
0.924158 
-0.010500 
-0.170229 
-0.574040 
0.051705 
-0.444022 
0.250854 
0.350948 
0.466789 
-0.588278 
-0.198543 
-0.525935 
0.014743 
0.519594 
-0.214308 
-0.105633 
1.019724 
-0.297803 
-0.507303 
-0.272451 
-0.529509 
-0.049309 
-0.850312 
-0.359649 
-0.251830 
0.164494 
-0.118337 
-0.070200 
-0.705891 
-0.436689 
0.010069 
-0.173309 
-0.140291 
-0.081503 
-0.181669 
-0.667617 
0.963791 
0.133880 
0.698715 
-0.052791 
0.185435 
-1.124985 
0.417747 
-0.427198 
0.054149 
0.950296 
0.356826 
1.132969 
-0.323128 
0.641636 
0.144180 
0.807477 
0.142944 
0.487320 
0.337987 
-0.195804 
-0.385829 
-0.124848 
1.223803 
0.329876 
-0.353657 
0.149444 
-0.231471 
0.209849 
-1.042333 
1.242499 
0.394139 
-0.214315 
0.093915 
-0.219013 
0.440520 
0.567492 
0.548895 
-0.142494 
0.537116 
0.135630 
0.243789 
-0.244446 
-0.150820 
-1.060372 
0.529351 
0.229570 
-0.399410 
-0.310303 
0.751150 
-0.087873 
0.006235 
0.449150 
1.010548 
-1.265474 
-0.107510 
-0.549803 
0.344909 
0.205836 
-0.503231 
-0.475424 
-0.261606 
-0.769346 
0.001254 
0.597767 
0.123160 
0.139227 
-0.664551 
0.166427 
1.170020 
0.088016 
0.462374 
0.179714 
-0.897134 
0.002476 
0.565578 
0.135690 
0.298655 
0.390937 
0.280239 
0.518234 
0.202060 
0.429505 
0.472133 
-0.415191 
0.286346 
0.066547 
0.380112 
-0.524465 
0.315805 
0.223322 
0.211524 
-0.101669 
0.198072 
-0.571480 
-0.870979 
0.833784 
-0.493186 
0.818601 
0.936012 
-0.226545 
-0.240398 
-0.423129 
0.106134 
-0.252610 
0.082429 
0.479846 
-0.479828 
-0.023110 
-0.098019 
0.004886 
0.453350 
-0.997023 
-0.082381 
0.169573 
-0.422839 
0.878797 
0.625891 
-0.106568 
0.159065 
-0.258486 
0.894942 
0.014946 
-1.096071 
1.176234 
0.117217 
0.786255 
0.581375 
1.247621 
-0.221988 
0.048421 
0.924350 
0.004845 
-0.339529 
-1.454301 
0.695606 
0.333185 
0.476706 
-1.470022 
0.903781 
1.429337 
0.531772 
-0.222220 
-0.269736 
0.099084 
-0.743279 
-0.644721 
0.836876 
0.561831 
-0.550338 
0.318108 
0.342069 
0.670756 
-0.632301 
0.349120 
-0.125947 
0.163003 
-0.102892 
-0.855932 
-0.565949 
-0.197524 
-1.377779 
-0.598572 
0.587847 
-0.263187 
-0.192927 
0.609636 
-0.697714 
0.507877 
-0.469074 
0.562552 
0.198367 
-0.224937 
0.365869 
-0.658998 
-0.802030 
-0.466981 
0.350477 
-0.371582 
-0.917798 
-0.187323 
-0.839667 
-0.008433 
-0.056284 
0.124271 
0.424889 
-0.436699 
-0.694232 
-0.686196 
0.695889 
0.258564 
-0.430017 
-0.184903 
0.709767 
0.601541 
-0.227468 
-1.240007 
-0.558673 
-0.329425 
-0.509844 
0.630334 
0.176926 
0.090296 
0.098215 
-0.669329 
0.244313 
0.095007 
-0.554545 
-0.625146 
-0.192733 
0.057416 
-0.857977 
0.501184 
0.679035 
0.532943 
1.323537 
-0.296895 
0.571232 
0.388913 
-0.032026 
-0.048372 
-0.514282 
-0.357641 
-0.787262 
1.059954 
-0.751656 
0.540364 
-0.146084 
0.261657 
-0.862305 
0.143722 
0.611161 
-0.377077 
-0.526241 
-0.508032 
0.068728 
0.070595 
-0.186248 
0.485898 
-0.330609 
0.019202 
-1.131440 
-0.780885 
-0.533709 
0.455546 
-0.435010 
0.532566 
0.206807 
1.255329 
-0.169037 
-0.155617 
-0.011086 
-1.346250 
-0.256382 
0.354382 
0.383539 
0.575296 
-0.189086 
-1.110087 
0.413397 
0.300935 
-0.216181 
-0.347872 
0.193169 
-0.295894 
0.435377 
-0.066902 
-0.999910 
0.510833 
-0.165097 
0.269395 
-0.237744 
-0.087113 
0.497952 
-0.432594 
0.937862 
-0.016463 
0.873837 
0.242641 
-0.114118 
0.793143 
-0.241178 
0.103117 
0.189150 
0.226561 
-0.058865 
0.782713 
-0.210088 
0.034155 
0.274040 
0.566121 
0.568554 
0.258605 
-0.226717 
-0.126512 
-0.153213 
0.754498 
-0.551563 
-0.249626 
-0.092905 
0.172167 
-0.267065 
-0.431596 
0.148664 
0.809746 
0.174234 
-0.404762 
0.648173 
-0.424442 
0.232332 
-0.125047 
0.330942 
-0.188302 
0.258460 
-1.234666 
-0.071207 
-1.172529 
-0.338009 
0.322306 
-0.581918 

 
 
 
 
 